site_id	AAA1	AAA2	AAA3	AAA4	AAA5	BBB1	BBB2	BBB3	BBB4	BBB5
snv1	1	1	1	1	1	0	0	0	0	0
snv2	1	0	0	1	0	1	1	1	1	1
snv3	1	1	1	0	0	1	1	1	1	1
snv4	1	1	1	0	0	1	1	1	1	1
snv5	1	1	0	1	1	1	1	0	1	1
snv6	0	0	0	0	0.1	1	1	1	1	1
snv7	0	0	0	0.1	0	1	1	1	1	1
snv8	1	1	0	1	1	1	1	0	1	1
snv9	1	1	1	1	0	1	1	1	1	1
snv10	1	1	1	1	0	1	1	1	1	1
snv11	1	1	0	1	0	0	1	1	1	1
snv12	1	1	1	1	0	0	0	1	1	1
snv13	1	1	1	1	0	0	1	1	1	1
snv14	1	1	1	1	1	0	0	0	0	0
snv15	1	1	0	1	1	0	1	1	1	1
snv16	1	1	0	1	1	0	1	1	1	1
snv17	0	1	0	1	1	1	1	1	1	1
snv18	1	1	1	1	1	1	1	1	1	1
snv19	1	1	1	1	1	1	1	1	1	1
snv20	0	1	1	1	1	1	1	1	1	1
snv21	0	1	1	1	1	1	0	1	1	1
snv22	1	1	1	1	1	1	0	1	1	0
snv23	1	1	1	1	1	1	1	1	1	0
snv24	1	1	1	1	1	0	1	1	1	1
snv25	1	1	1	1	1	0	1	1	1	0
snv26	1	1	1	1	1	0	1	1	1	1
snv27	1	0	0	1	1	0	1	0	0	0
snv28	1	1	1	0	1	1	1	0	1	1
snv29	1	1	1	1	1	1	0	1	1	1
snv30	1	0	1	0	0	1	1	1	1	1
snv31	1	1	1	1	1	0	1	1	1	1
snv32	0	0	0	0	0	1	1	1	1	1
snv33	0	0	0	0	0	1	1	1	1	1
snv34	0	0	0.5	0	0	0	1	0	0	0
snv35	1	0	0	1	0	1	1	1	0	1
snv36	0	0	0	0	0	1	1	1	1	1
snv37	1	1	1	1	1	0	0	1	0	1
snv38	1	1	1	0	1	1	1	1	1	1
snv39	1	1	0	1	1	0	0	0	0	0
snv40	1	1	1	1	1	1	0	0	0	0
snv41	0	0	0	0	1	1	1	1	1	1
snv42	0	0	0	0	0	1	1	1	1	1
snv43	1	1	1	1	1	0	0	0	0	0
snv44	0	0	0	0	0	1	0	0	0	0
snv45	0	0	0	0	0	0	0	0	0	0
snv46	0	0	0	0	0	0	0	0	0	0
snv47	0	0	0	0	0	0	0	0	0	0
snv48	0	0	0	0	1	0	0	0	0	0
snv49	0	0	0	0	1	0	1	0	0	0
snv50	0	1	0	0	0	0	0	0	0	0
snv51	1	1	1	1	1	0	0	0	0	0
snv52	1	1	1	1	1	0	0.5	0	0	0
snv53	1	1	1	1	1	0	0	0	0	0
snv54	1	1	1	1	1	0	1	1	1	1
snv55	1	1	1	1	1	0	1	1	1	1
snv56	1	1	1	1	1	0	1	1	1	1
snv57	1	1	1	1	1	0	1	1	1	1
snv58	1	1	1	0	1	1	1	1	1	1
snv59	1	1	1	1	1	0	0.5	0	0	0
snv60	1	1	1	1	1	0	0	0	0	0
snv61	1	1	1	0	1	1	1	1	1	1
snv62	1	1	1	1	1	0	1	1	1	1
snv63	1	1	1	1	1	0	1	1	1	1
snv64	1	1	1	1	1	0	1	1	1	1
snv65	1	1	1	1	1	0	1	1	1	1
snv66	1	1	1	1	1	0	1	1	1	1
snv67	1	1	1	1	1	0	1	1	1	1
snv68	1	1	1	1	1	0	0	0	0	0
snv69	1	1	1	1	1	0	0	0	0	0
snv70	1	1	1	0	1	1	1	1	1	1
snv71	1	1	1	1	1	0	1	1	1	1
snv72	1	1	1	0	1	1	1	1	1	1
snv73	1	1	1	1	1	0	1	1	1	1
snv74	1	1	1	0	1	1	1	1	1	1
snv75	1	1	1	1	1	0	1	1	1	1
snv76	1	1	1	1	1	0	0	0	0	0
snv77	1	1	1	1	1	0	0	0	0	0
snv78	1	1	1	0	1	1	1	1	1	1
snv79	1	1	1	1	1	0	1	1	1	1
snv80	1	1	1	1	1	0	1	1	1	1
snv81	1	1	1	1	1	0	0	0	0	0
snv82	1	1	1	1	1	0	0	0	0	0
snv83	1	1	1	1	1	1	0	1	1	1
snv84	1	1	1	1	1	0	0	0	0	0
snv85	1	1	1	1	1	0	0	0	0	0
snv86	1	1	1	1	1	1	0	1	1	1
snv87	1	1	1	1	1	1	0	1	1	1
snv88	1	1	1	1	1	1	0	1	1	1
snv89	1	1	1	1	1	1	0	1	1	1
snv90	1	1	1	1	1	1	0	1	1	1
snv91	1	1	1	1	1	0	1	1	1	1
snv92	1	1	1	1	1	0	1	1	1	1
snv93	1	1	1	1	1	0	0	0	0	0
snv94	1	1	1	1	1	0	0	0	0	0
snv95	1	1	1	1	1	1	0	1	1	1
snv96	1	1	1	1	1	0	1	1	1	1
snv97	1	1	1	1	1	0	0	0	0	0
snv98	0	0.5	0	0	0	1	1	1	1	1
snv99	1	1	1	1	1	1	0	1	1	1
snv100	1	1	1	1	1	1	1	1	1	1
